116637
116263
639909
111201
283733
118821
119231
108843
119317
119389
116369
107423
99593
117023
114831
119065
116809
501724
116413
111543
114439
108511
108407
283531
111985
320901
321773
119283
39563
117211
39481
112453
320717
119565
109123
321611
111163
108621
119049
109185
110465
517744
119947
112161
115115
112627
39625
322111
116333
509569
99571
107735
114281
109519
112599
115351
109163
508749
113915
116777
119967
647132
323863
117173
324187
118175
39597
645380
114043
39871
109649
119403
5781
322169
114695
112755
113697
39105
509531
110917
110197
39337
110653
522146
110313
109665
319375
112377
507915
113859
509499
323915
108655
117575
115399
116609
319381
39601
113381
107631
113855
114585
116031
119597
320791
109729
110135
116797
320345
111523
111577
109255
559599
39295
109237
115865
109011
527255
321767
109271
642526
119657
117189
112431
111637
286263
113115
117195
39677
109429
116451
117841
115415
117589
112105
113609
108477
114095
119019
322011
110725
116947
109495
526330
283545
110903
111873
113843
541384
118195
119885
286477
322533
111025
508242
117481
507513
111623
115463
322531
283607
112585
639910
117029
111277
109373
119931
116085
112633
285955
39423
118283
112547
119035
108017
321249
39621
108061
5897
114061
324097
322019
5651
517567
321973
521670
111595
114255
39703
107995
118237
117005
283615
111821
117497
283535
109595
112591
5841
642547
99600
119357
116235
113861
111915
113471
114871
321283
111723
107605
115805
525014
321297
113905
119683
321201
111785
39357
117301
621900
283795
118533
114385
110919
39077
286143
109951
117723
111289
117917
508867
115367
109333
108761
118671
642663
119257
109805
110977
513299
322395
322431
115291
108365
115339
39313
114641
112375
321353
108995
113579
39443
107931
322229
320821
110217
39515
320861
110829
116895
39229
40039
109121
519832
116699
118691
108183
320841
39853
321855
107965
118823
501684
119801
283509
321881
118275
322575
520649
39599
115675
119147
108423
118337
117403
110885
285924
119185
108413
119455
322103
117423
118629
500820
116027
321597
111433
110461
286341
322151
108533
320537
321679
108009
525129
114907
325905
115185
115895
118299
39073
5837
117171
500999
107487
320559
321661
114847
114937
112651
114801
320949
110701
109517
321919
111509
513681
108509
640913
115893
39531
108609
116779
116849
321449
111215
113389
283475
322133
108251
119559
119461
320711
108497
118131
118213
110827
112519
1012
325915
113573
118253
119321
113491
321181
114351
642316
119191
110553
116783
109623
5945
108989
118305
324133
117439
5883
500197
324029
111149
283715
39839
115601
111197
638904
115355
322095
286195
111407
115747
320417
119139
116891
107851
108877
286031
117483
114841
117919
39061
114563
321645
320425
508868
286173
114381
115749
110767
112223
508790
119535
118099
114211
283513
113943
113387
116593
112145
107563
119153
111811
321471
99583
110963
114543
107633
39831
119393
108075
111229
111849
658906
324063
119671
117523
119449
116267
519641
321821
119059
112429
107515
517442
118027
26591
116663
110391
119915
113673
117457
509310
39067
118315
519668
654826
322325
115699
115591
500912
563901
324023
111879
319355
39045
118199
119645
109611
39573
112717
642687
322527
116349
110791
109083
321039
118499
39221
116157
112033
118301
114019
320927
111465
286183
321445
39741
117051
117385
320855
115845
116719
113787
114667
114573
508771
621764
119655
117715
119307
108419
115957
322439
39193
115541
115513
118185
322309
116825
113715
112607
286151
111349
119553
114275
283583
119865
513611
119661
286123
110347
109145
321587
325771
39953
119033
319369
111241
286289
39615
109667
324649
112301
322109
119795
322621
110027
509084
107493
322603
109243
116287
111535
324077
109473
39763
111297
39717
286027
114065
325785
39559
505150
110825
112141
110951
325769
39109
651052
113725
118339
118719
108849
114413
513292
320853
115633
108241
118547
324055
39169
119807
112241
117931
114873
111013
115263
508805
108313
111443
321493
108069
113647
119755
321275
321263
114369
39015
108173
111695
110093
109405
110537
107433
115119
110385
647152
110269
111391
110065
119537
110445
117573
633396
108585
110493
119459
119195
113449
321369
110527
321441
322253
115949
112155
111005
320735
107609
508763
642597
108823
509319
114759
117311
322559
99595
119531
110455
39397
516272
119029
525087
321677
111159
321817
119919
108943
113385
108137
116179
117303
39659
116925
107691
113693
109491
111767
118637
321073
114665
109955
119055
320449
320885
320617
118739
116223
39069
39237
111525
117397
39433
117351
111369
115301
119323
114127
507214
109187
108073
500011
325775
650948
114947
283601
117617
109497
508828
5875
324167
114959
107935
109331
320189
114645
108737
118473
117741
508754
111003
111957
108869
119625
320431
118579
509322
112437
5899
109327
508244
112573
322553
114029
119443
324079
286149
321289
324131
507907
117691
283539
26595
111599
108489
508837
39219
119583
109613
320491
119095
119435
322387
114021
110435
635967
107723
286073
118121
40011
118119
111877
112151
112619
111727
320997
113569
112767
323867
286273
115989
107531
117343
115161
111947
5799
115157
118445
115515
561735
108751
119199
118191
108291
119115
111605
114035
109063
114531
283623
111185
115693
320843
118853
117625
656245
321203
111943
99577
321397
108321
39187
321831
320851
110481
320585
107557
283599
117811
321473
114317
285997
111035
116385
39165
111833
114267
108293
39437
118075
119635
320869
526335
109871
109111
119549
117785
116443
119571
115517
118939
114753
109579
320751
113489
110159
111141
5891
526596
111931
110807
322465
116319
109657
107781
111571
117943
116685
645381
112541
109403
320785
40029
118577
116739
110785
112415
108633
39315
26594
112035
119465
111847
116103
109875
109683
108931
325823
107743
117241
108857
39419
115537
112371
116457
118569
321965
641418
117685
108915
117913
107985
286311
108045
323893
110047
512368
112653
286049
99596
114181
321895
113437
112795
118359
112721
111511
115791
109451
320439
283737
109799
283501
117889
118713
115735
320421
508744
560728
510117
109617
508822
320685
108029
111679
5751
109523
113945
115427
321899
323975
118737
322275
117339
112325
107459
114689
286347
116441
509318
320403
321655
108903
508213
5863
119053
119793
111293
114893
107813
117031
109905
113899
111611
321233
283823
322495
39989
112393
117141
320765
522092
114613
118507
112115
112185
285975
642396
117115
110243
114247
113093
315945
117321
111329
324129
114169
107863
39483
286257
628369
107615
112249
117089
108495
113741
112657
117935
283713
115769
119757
112777
283465
111265
117229
509087
321219
115595
118265
119829
115347
116131
39521
117771
322623
322047
108127
109963
283731
39519
323903
39087
117511
108297
109867
117847
39427
319373
115353
114703
110939
111403
116219
112567
112203
108765
115911
116469
320353
111647
111181
118559
39789
107775
119159
115935
320991
115233
321069
108709
322331
117165
111399
113993
109275
321487
113583
119287
552112
111447
114525
112603
5889
108227
320171
321355
116481
115793
117363
638994
322419
108347
321643
119285
513433
111741
322611
286017
26586
508302
283643
322373
520806
118143
322131
286121
637849
115149
116329
530431
114009
509082
322453
99586
113963
111559
520918
114851
118633
116299
115183
114541
108447
118593
115763
513622
642328
285949
110693
114791
119693
116953
108991
110459
110557
109277
321925
286449
321417
320531
107741
114379
118001
111855
113095
116271
109321
560783
111909
107539
118483
107971
110499
500892
116815
110733
110041
110007
324639
118231
286185
119063
325841
322145
113793
322149
40021
117069
114437
118455
112269
113811
116863
115761
119209
111151
119611
39209
110601
320953
107703
109721
107719
548528
115189
656617
509307
322341
114325
111175
99569
107657
320611
117261
114795
112191
323953
110935
321819
321647
109215
113415
110405
112785
115635
321453
117751
113509
642297
322271
114197
107717
109987
39157
110889
286315
118487
113853
111907
39701
111257
508893
324143
321067
119397
119083
115325
1028
109715
320725
117379
114213
115839
112025
108947
283469
112533
109921
116237
110279
112775
109699
517465
111131
320337
39517
116199
508746
115625
530670
118715
113883
119953
110341
119125
509454
321809
109879
321367
109985
111365
524056
321077
111489
112207
110503
320589
112791
113085
39523
526213
114449
115691
115681
110773
114809
119121
642479
39631
111875
114257
320741
286403
109259
109337
118181
109183
111959
39979
322423
119119
116047
1009
107639
321513
321711
113797
115741
110867
108457
320371
508252
110099
286233
108535
117937
321969
322073
110325
319435
112235
508833
110427
114833
118805
321839
39663
118677
548269
108875
111255
117675
115449
5623
115057
320637
320201
112065
508874
109159
320947
283511
541813
39691
114971
513925
117285
118069
116331
508239
115137
114785
322173
118973
523391
107745
502069
110895
113867
116315
321433
107731
525732
286379
113935
110471
117859
321521
524070
320993
111641
110005
116083
108893
117689
39029
118165
283683
39257
118151
509657
110287
285947
111283
322203
321853
322141
629457
548811
118187
320729
118603
320871
628268
113431
116865
115609
115125
108963
118865
109329
108023
321757
526604
119941
110175
283457
39641
325929
111825
39939
320979
286481
117049
39819
113657
639915
111661
119821
118599
509974
286179
508262
508279
322303
321961
286193
323963
321285
118779
508852
117353
508281
642666
108809
642314
115111
113529
118877
111753
108225
115071
107439
315939
109549
112169
115905
119363
286133
115387
99612
107613
118545
111395
319377
109343
508825
530555
116093
321985
112231
323949
114069
115287
40023
508875
525751
321197
114679
118881
112049
509433
115453
113699
117979
113973
107659
115471
113371
315937
109889
115649
548502
116643
521825
320627
111253
113397
635865
517519
320511
321145
111609
118619
109529
108193
109069
320177
321377
39525
39607
286389
548291
113103
322123
114427
107647
513431
520897
112125
118327
113841
112581
320427
111199
322383
322425
323891
113607
110219
322597
108177
114027
285979
321581
119247
119429
560654
118245
117515
111449
111941
112661
283567
107619
112037
112529
109635
112333
114647
111125
114115
630132
321837
118045
508255
320733
321891
639626
114415
110757
517472
117991
320955
108005
113457
112553
112095
517579
118021
109287
119329
117359
117429
113641
111697
320857
115717
114205
320913
321935
111665
283729
114663
116773
514431
283653
110299
508221
117411
115997
323865
118101
116847
321411
39393
5919
117117
324139
321871
321783
112665
108715
112293
116741
115657
40017
315949
110687
118135
117829
286131
513279
113769
117369
110233
108813
524076
286071
322483
107483
118249
113429
108679
111363
286285
321571
111765
119105
108769
286033
107951
108439
323871
119643
563922
108269
324025
39511
322629
320695
109493
320565
115831
109527
5801
118819
39465
115485
110957
114445
119301
321627
39651
502989
116445
1004
99576
322613
108967
118833
322523
113445
111401
642406
114079
323883
517456
116519
510838
114743
320823
39923
510069
116581
320605
117939
562897
107687
115197
113975
40051
637852
39191
117281
116561
521404
114919
114755
108781
112589
118319
39127
119221
119723
116483
116505
110987
283639
321009
109485
39063
117147
39409
110551
107817
39101
320347
99619
5767
111045
109853
114231
110419
508887
111547
109995
39013
283689
116327
286223
111281
108791
118495
509462
119405
118129
114891
114579
283741
321271
320463
325851
111469
116855
39343
107553
112005
321607
320194
116843
114501
107697
114583
322245
117137
508755
107603
114125
639474
117059
117067
321143
117929
321455
107701
508261
113373
114957
113123
508768
513109
5729
39387
119819
109949
39265
118269
119649
504405
117927
322087
113557
322081
642669
113433
111347
116149
39945
315943
108551
115881
110533
325837
115109
117677
642665
112695
118419
113777
320863
323856
113467
39389
282854
321769
111969
507488
320615
508855
115963
108601
115201
115835
321729
114627
112673
322461
113417
117721
115103
119043
110075
113681
39485
323850
113441
119709
321599
114943
5707
113083
286119
319361
514479
108371
108529
113735
322555
114735
108911
320369
114133
321951
112425
113783
111457
39553
110083
510489
118747
113689
319433
118383
320381
117701
118063
114879
526539
119573
325783
109471
118563
113889
5673
325847
112027
320351
110515
502129
109093
109881
563893
115697
642525
325773
110389
322345
114011
320907
325849
642364
107861
321365
114409
321083
5655
112535
109541
286199
322445
108851
286327
112367
110263
39845
108969
320849
322351
110799
109035
113877
107827
107937
324083
113649
514029
110331
286155
118641
119377
117399
110613
321527
320743
514456
111865
118997
39931
111481
508254
115907
321953
322405
39233
112273
119141
113705
509325
118083
286043
109999
320877
283735
111011
117467
283767
113837
112015
509604
107695
108631
509624
321259
325833
119849
286241
110847
112679
108345
325797
320713
322283
324103
658683
39917
116015
111715
114727
320467
111671
117153
114473
642548
322289
115365
324007
114343
111861
114457
117749
321923
117613
112139
111213
107769
111555
320845
116145
508215
39071
119733
118217
107497
113615
116557
112003
111091
118457
286369
108907
111333
113971
508788
322343
117669
108807
642523
114117
115521
113411
110119
324009
322377
321781
39841
321209
111467
507975
117045
108819
322089
109813
110231
315941
322599
113909
283549
322513
286215
116767
323857
117767
114853
109727
113377
517489
39251
112445
283453
508248
116697
117275
110043
5833
116399
110685
109797
282857
283533
110407
115101
323989
113499
320361
115231
110563
115993
513609
117083
107961
118369
117193
320573
115069
320859
324095
321785
509309
110875
114423
110709
116115
548567
530890
119475
108803
112323
39333
116901
320457
113439
39495
622984
520187
119939
114969
112321
119595
117945
112171
283585
113399
320829
112247
110511
324633
286089
118729
107787
118235
322581
112083
117661
118613
115329
117131
110335
117787
107545
109919
507714
321375
108817
117995
119783
322625
321385
116357
321079
115519
286407
116351
513719
111807
39925
320831
321443
118567
118525
118389
118551
108649
115869
283661
110469
642456
514452
111451
320493
119749
109175
39541
322321
117769
109647
108363
109257
113517
115123
321207
113525
109209
115213
110491
321023
548489
113617
112135
283743
116061
108233
111711
656605
117679
108093
110343
319357
39405
517575
510497
5809
114671
322259
111023
109815
324059
114399
324185
114953
111499
115127
115781
108021
321215
110359
110837
119051
320176
119093
321979
113707
562241
117951
109305
110213
39575
116205
321101
118449
109907
116321
39403
118405
39225
107567
509080
116913
119897
1024
116055
109101
109013
115533
320343
321059
322051
109301
108783
642292
119669
109027
116187
118333
117037
119867
110453
114779
321127
115315
118019
322017
107621
109911
109029
108559
112011
39421
517583
110517
111435
116231
115813
110021
111613
321409
556611
110235
111781
509316
109901
115327
283489
110199
119561
322317
109923
107667
108099
113779
115379
118081
107751
118587
109017
112217
508740
509328
118921
116449
112687
508745
322477
321983
118173
114691
530399
39975
321563
118161
508212
39439
501704
115951
553318
508800
107999
115939
107889
115685
119279
321669
112309
118917
113621
114331
99567
322269
108919
107499
116839
5731
114421
116595
108385
110637
111503
508258
39693
115051
525736
639743
322027
320601
508785
116273
39335
118899
113459
118913
110901
110109
116035
113833
324177
508820
283685
321561
110779
109903
108789
39669
114177
107555
108077
116733
112631
115359
319441
323869
119349
320787
114077
286023
319427
628262
108083
108441
520849
108235
116921
322401
116001
116927
39489
321115
621770
110101
283779
112763
118523
320963
323909
113721
524054
116109
107871
107503
322083
109107
321749
115719
107665
117549
107973
112165
514518
119517
320187
113845
117073
110593
505405
110865
116851
117491
39367
109939
320603
111267
286111
113543
116977
323923
115565
119705
115369
515671
509303
283791
112639
110559
109315
320803
5927
111673
113111
5643
323995
108467
522906
5949
114259
525405
109621
117899
508846
111239
118435
509304
39947
110207
110149
321841
112783
108051
99604
112039
118379
111971
119523
5983
119869
108563
321335
116397
5869
119263
118085
283763
110873
110473
320897
39379
110351
117493
40019
320721
118689
286395
116077
541251
108825
112727
484671
319389
117521
5715
39987
39735
320917
108229
319419
116599
107579
525450
109981
642689
322065
114745
283757
108263
320663
117183
114597
115467
111615
112787
113659
112699
111903
39867
321261
322391
119697
321959
118635
501400
117805
115335
107749
5741
5941
113751
113939
117443
117477
320969
118889
110777
39507
39577
320411
108699
322319
39241
39873
508222
116453
518117
285945
109009
108087
5971
111639
113677
642617
109207
520199
119413
286219
110983
108057
107547
108517
114187
112757
112621
283503
119319
116527
321641
520206
109205
112705
39047
117101
508829
112559
119045
321097
5697
321063
322379
116961
624923
117025
119201
113695
119551
115041
322091
286009
322389
109109
107747
320761
107903
39117
113913
320673
108513
113951
118381
108773
119613
540991
109631
116277
116217
5921
113587
39011
118017
526219
108231
39207
323931
39801
115413
107511
508793
512326
321517
114085
322451
117063
322617
107885
108317
111801
118649
118717
113959
110303
116907
109199
119137
108873
111587
116805
39281
5975
114673
114171
517503
108361
119937
111473
108305
283807
320173
113645
117079
113745
109061
117987
115311
39185
110283
111337
110363
109139
26580
39977
39969
40031
116509
108749
508779
116021
112127
112253
116503
322329
115651
109293
109511
111105
642012
283803
114335
112701
109179
39249
320971
322505
320801
117155
286475
322273
115373
108139
108643
99620
635852
117287
108427
112551
114121
109233
315951
112709
110961
321361
109023
286371
113109
99621
286161
508236
109841
108933
113961
517157
111385
114621
39093
114469
107509
108113
322359
322539
319413
117087
548496
119113
283497
5957
323969
115847
119587
286411
1005
283659
111965
114561
114519
5677
5765
642524
321459
325855
117421
99573
117663
112363
283595
117949
322183
118875
115639
114693
113675
109503
109155
323939
114885
118687
110633
319385
115085
109281
112781
322437
107909
116715
321339
119745
116765
108111
110361
286429
324085
116125
321191
115319
110399
40053
286441
115967
321147
322567
116877
117013
109599
115933
509327
321667
117577
117761
109811
111279
322281
114533
119951
109375
109893
517581
109265
112133
113669
110751
642453
647146
283759
119805
119367
115915
320665
111101
116393
119525
507212
119353
519518
321577
112143
320941
525094
114355
320535
322369
117763
112319
117393
112549
321301
517571
39589
113671
509980
559405
111843
39179
118625
286081
523985
508268
110315
118845
642667
110125
324629
508835
117309
116713
119585
324127
39993
114057
114333
322497
320653
118925
39793
117655
108569
117121
109795
119569
118663
114903
283679
562007
117035
114371
108303
117431
116607
119545
108741
286265
118645
283691
112351
116731
118905
321185
112225
112055
117877
111461
322353
320883
114203
110345
111675
109081
320609
628745
114509
627986
5779
108307
283571
554421
118933
110861
117313
114199
508817
514523
108153
109195
111733
516322
641904
321257
118291
109087
117027
117055
116311
112009
111029
118279
320981
286217
510960
39915
108299
108727
320875
108039
119087
39633
323849
99613
119023
110883
116379
322101
321045
322139
107447
118791
109441
118557
111361
118023
109605
114353
117291
115083
110297
507899
555899
118183
119789
322033
112029
108351
119721
109071
111439
321051
322297
324153
110835
39019
508764
320697
283559
118055
108159
114063
656251
322521
117621
118873
116823
322177
118975
109671
508276
109969
39857
39771
115677
321109
320180
118945
113541
109689
642593
283809
114147
107413
320675
320983
508787
114217
325845
110191
109857
118421
509352
39829
321373
119421
321741
110365
116013
110955
639677
111177
108201
112157
108259
320419
286175
113885
110377
110067
118511
320771
113991
117747
324087
114567
113691
117109
109933
117699
286381
110843
642599
111153
113131
113713
322571
114923
508834
509596
115033
286207
114341
321269
321003
118123
283771
112369
111979
319417
119445
116323
283819
111055
320657
113549
509987
116879
116857
320469
115753
39235
115863
110941
118105
108937
116833
109189
117097
116257
115987
118005
119005
115439
109533
508849
107753
109217
111705
286109
39503
116989
119079
322447
321859
322243
112349
505245
559411
325909
117853
114909
111815
118147
5985
116175
115419
116177
315935
117557
119809
110467
321041
515690
509305
108395
119753
116169
117581
113555
111137
115503
108897
117539
509315
117295
39649
511370
119129
119917
114001
114239
109925
115389
111495
321795
117783
109589
108289
325805
108327
112117
116935
283565
114741
110015
111405
108493
107783
320331
114285
39363
107891
116579
520214
109407
110037
504548
108319
319393
116837
113823
116405
117815
114391
116919
119061
286103
116889
117341
118241
116153
117697
283649
112109
501979
108381
119173
114609
322469
115279
321929
321245
110909
107601
108725
324051
118371
513674
112233
117989
115539
526256
286171
116683
110541
118089
118785
321239
517437
118995
322265
5625
508854
108471
110397
321625
286249
112451
118513
39145
5681
556550
113639
118761
108399
40045
118477
322413
115107
108615
286281
109773
108929
321379
320397
119337
113737
118409
112403
283719
39905
39161
108015
113655
113465
322573
322021
115395
5761
560777
645399
320705
119187
111633
114555
108107
321171
115755
516783
319553
321673
639473
117125
118401
107867
108573
111165
322435
114455
118293
116171
322075
115061
116497
519531
113987
325767
509088
321873
115405
115065
119581
322475
323854
115855
116543
508778
322403
113107
513296
508200
110795
114843
117127
109135
110203
286451
115135
321565
321187
110911
40027
99590
513263
118347
322057
119325
113563
115525
115909
286479
117835
117855
111737
321833
115079
116995
26593
116239
519807
99597
110735
320196
114739
323973
113521
320687
110179
515747
119227
108091
115451
108815
118519
116933
286295
115171
118481
39713
114033
111585
107481
508277
114805
117123
111327
114129
109749
108701
107411
116517
114453
118869
108745
115827
322195
107755
283635
108167
645378
320515
322159
111219
508775
108889
283775
119629
110463
111393
111111
110127
114591
111923
107607
108763
114593
109771
114243
283783
108647
325801
519512
115999
111487
108793
117775
110323
114405
111059
324631
111485
320399
119513
118829
621856
114441
642455
116951
117317
109353
116657
39123
110329
108987
322337
517517
110223
504834
107981
508830
117983
321321
519478
118597
108079
119957
283525
113117
321921
107849
507913
322583
321161
507218
109887
118325
119845
321721
112647
109761
40043
119811
118053
320521
117781
109427
111519
118363
118631
107527
642459
116343
114465
118277
322349
115547
113663
286029
107403
113755
508210
322385
108831
113405
286469
114273
111295
642450
113927
322607
115959
111867
108265
322237
115859
118979
119111
39309
110743
116601
109247
115745
39883
110597
114223
651057
118883
320391
117329
114483
114425
112023
286279
118801
286463
119603
109967
39555
115131
286247
286383
114143
110589
119293
119097
113461
119311
115505
321675
514685
39835
107709
119067
116743
39949
109781
515831
320621
26587
321439
324099
108047
109089
107431
116621
39167
39877
1001
322197
320893
111453
118981
111445
119225
115251
112593
108697
110673
109303
111775
39369
117985
321635
113623
114701
324089
322361
118767
39643
108953
286153
108455
116949
109865
319409
108249
109249
39921
109567
39215
110989
109099
516391
561218
508836
508796
117257
508815
109079
117349
286439
114251
118469
319367
39463
99572
322393
114097
114145
512005
118705
113475
286373
108095
107833
286267
109105
642365
286367
111977
110113
118171
107805
107443
116059
286433
283593
111429
115433
517756
111305
517184
109437
116095
656604
112379
325907
320179
108181
109575
115953
320373
115969
112769
109345
509086
113761
40009
510110
321533
39407
286061
323971
513717
110249
525368
113661
113585
325777
286269
107685
109827
39197
115739
320763
26585
108693
114309
117619
323905
654704
5763
508747
119665
117667
110995
118991
628487
320197
110337
99585
118141
113813
107473
321913
39159
642520
114771
116283
112251
561720
109877
118987
502311
113791
107501
321829
118929
109361
320453
39467
114527
321419
117065
119901
321703
110305
110797
321683
39881
116693
108595
117057
108603
286471
115803
508850
322397
39057
508889
116421
116301
320789
325939
541059
320783
114559
113413
118475
111631
109147
320389
118451
112219
115429
286135
111459
116345
321555
108999
321403
109803
118117
39761
108007
5853
111243
112615
119703
107535
108189
321031
322239
99575
39879
113493
108237
108033
107401
119541
508219
107915
109767
107623
107987
108887
323855
324073
630704
321399
286299
39753
39537
108719
118961
118807
510419
5631
109449
109973
39287
113527
286351
117209
115743
114761
627978
555719
629455
99578
319405
322003
111507
113929
119407
112617
322213
116577
283463
508783
322055
525458
112313
114521
324163
114003
108891
110607
321777
119423
322031
113819
113627
39025
119217
321861
325865
108359
116181
110045
39765
286099
114827
108611
117803
118211
321945
111157
113425
116411
119539
560721
5847
285969
109791
117933
322207
110115
116389
114407
110477
115465
114539
119165
117095
117569
628237
119699
115223
322171
324635
110485
321509
322537
117201
323925
110839
109551
285927
114901
325815
114215
321325
119843
113821
116173
323957
119149
282856
108521
109899
39325
109037
118215
286297
110603
111881
523398
320575
119039
321027
525398
119627
518949
283619
115725
111597
110375
39893
110501
114055
110605
110547
116147
513615
119841
513711
117727
321095
108357
109695
325765
117981
118203
283777
321943
322261
113949
114895
108449
530392
115035
113711
110643
320553
118911
323991
108883
111315
107955
320341
107901
517150
521438
5961
117413
115535
39623
109263
118847
114375
320335
113995
109733
108705
108131
109143
508756
321333
110931
112383
116969
110141
113149
322015
110671
112283
115357
118953
113631
107705
112713
119075
117113
107979
119281
112525
111997
320375
109335
109909
108311
118697
118901
517578
500391
108401
114607
109131
283451
320905
108199
119009
116955
323997
39477
115187
113613
286409
39031
108925
114865
114165
642522
118427
114825
113953
500966
108119
5871
115393
5865
116415
39091
119299
107673
110033
117797
321131
108935
561768
117947
624112
107761
321225
111659
645379
39297
283647
39449
108723
320595
320739
114707
107859
325859
1026
108239
319429
39271
114941
117279
509324
110177
118825
324011
321071
114683
320945
39431
116501
111231
286035
109861
552516
320429
110211
117373
113729
109267
114599
286335
115195
320206
117971
109053
321213
5777
320203
119295
283669
114037
111927
117559
116091
112181
99579
107983
108703
113801
320551
107477
530424
630672
117725
108491
39043
115559
286225
117601
110137
109713
109219
111367
320169
114367
113403
116183
107453
110729
319407
39547
286041
39461
118709
115867
561173
5785
505384
109737
109655
109235
111529
321393
109045
112789
629174
112215
39509
111573
118193
320191
114481
530453
116591
283667
5621
116811
99606
111787
320835
511358
5831
116763
115623
563887
115983
114881
286181
115441
5807
110647
515785
517582
111933
109153
118561
508803
111271
118573
119439
117053
119275
39035
108571
109769
99584
108619
108025
39303
119563
116493
510381
108323
324119
322231
115053
116203
109141
508809
116915
114855
39377
119069
110755
115543
5713
321351
111763
628771
320737
109453
508810
118273
111211
39927
39301
114749
642618
109359
642397
112397
116417
109641
322609
111019
321519
119011
321481
117191
118879
118373
118111
115045
320607
26582
507884
107587
322179
111067
508806
118329
112163
548521
322233
117159
115455
114821
112327
321087
108553
118727
283751
323887
113881
112595
320975
111783
116817
507275
505163
117061
119911
109669
112421
108443
118591
113781
504855
508241
549035
116549
508245
111345
110561
501939
109229
321593
1016
112749
508751
108105
523366
107869
319449
114179
321719
117389
109591
39673
108941
112205
109883
108275
5689
118387
521985
107913
39059
320911
523373
116859
110543
525456
324107
111475
522139
39757
110181
116037
109067
116307
5745
115469
99616
322579
108589
114711
117897
111755
116545
112019
508280
108689
110441
321639
119145
323917
117365
114557
5791
108863
116189
629166
118843
321547
108755
108247
116197
322163
116395
321907
286459
110439
5815
108637
323935
118667
109389
325799
111269
112575
321089
112739
110209
109559
283805
117755
321693
110581
109073
115397
112211
285985
110731
325927
111621
322221
39897
110373
111415
108459
321049
39959
321631
629456
286359
39855
321315
119511
118851
116597
283773
39097
286079
119791
109125
116105
508270
111183
39811
114081
118177
39203
286435
321195
286209
109751
115643
116689
324181
108295
114705
630664
107429
39653
113505
507280
114173
108665
107795
112281
285967
513302
115971
108713
39715
115457
111383
321199
118543
119577
286445
323875
109627
111095
561761
119183
107727
112343
115285
110999
39027
116769
110991
512375
117167
113717
110923
119689
113967
116559
321303
110681
321591
110163
110817
118787
112091
508760
115659
111561
112731
116511
111123
548560
111813
319411
113985
642685
109515
107907
111083
117103
119955
111989
322209
108855
108829
118163
320957
508777
321243
39513
109561
110097
115619
1020
109049
109763
110833
115059
119913
39317
642326
510075
321791
118915
39961
509329
509081
112123
107773
513452
324057
115181
113603
320561
285995
116353
325835
108579
108133
112423
283529
117509
111217
110079
114751
116065
323907
324037
115723
107733
119505
325827
113091
116045
113121
501543
321311
509449
26599
322335
509330
286419
322463
118907
108959
509826
523404
508741
513425
286349
5977
113567
283471
118289
119441
111081
39181
39995
39041
1008
321495
113981
109221
39499
118447
108743
324027
115281
39727
107991
116845
112131
286237
119273
118539
512995
118433
99587
110193
119833
118079
517835
115821
107879
321013
320445
322045
321407
110789
107543
111287
114139
114313
323927
321019
116495
322511
509326
118799
119399
110721
642595
109555
115077
114571
110529
115269
110959
119483
320393
630697
115511
115207
321193
321415
109401
113081
114435
1019
508818
321221
517480
109499
112527
320355
513295
114241
119935
108217
113507
116373
111789
114549
503354
321671
116229
509916
119177
117813
286205
283473
117657
322193
111769
117383
320965
110271
108437
111109
113599
116785
116781
114141
107625
111663
114067
283749
110611
5679
113421
109581
115713
637837
517573
118841
513418
111999
118011
109365
109831
109915
115491
114625
112315
119735
114113
118793
39603
110241
107917
112137
114661
107569
117407
108599
116407
523379
5783
5669
320184
109117
501042
325761
114815
115825
325917
117513
640016
285981
112103
111885
508765
118685
119827
5709
522126
320795
108531
113383
321739
117963
321177
108871
321579
118957
113805
116737
99610
114357
119575
113453
112053
118555
110031
322147
508781
525108
113835
283793
283695
117145
113547
119653
508256
39667
321975
119851
108391
107577
117795
114631
630180
114649
322327
5867
111007
117597
319353
107445
113515
325861
115817
114227
40007
109717
108839
286069
119469
119447
109197
115961
321247
39849
113443
320541
516384
115169
118267
115141
508205
283787
109313
109137
323929
507876
118357
119481
113119
118943
119875
108505
320797
119837
113427
505439
321125
119515
5671
107589
114105
39457
110887
109339
111341
114071
320703
110259
115049
110371
119401
108393
111625
485958
109065
111557
109557
107591
509085
117435
108583
509824
115283
107451
116569
322619
115941
320827
504251
324043
323965
116365
117863
108065
112067
286189
113395
118795
111851
656618
119171
39023
113629
116141
107811
109447
111829
26584
283755
107821
116359
117703
518909
509317
114253
116151
324171
286357
109615
116051
505142
111477
39827
117041
109317
516398
321879
117357
5787
283611
108453
503314
116005
320773
112725
26589
116745
117405
321043
118537
510103
116567
324069
112765
113895
286397
502058
321341
112439
119605
111179
107765
39009
118485
112193
322601
117315
118581
320517
325787
115425
118529
107977
286203
116639
110649
111545
113743
524019
118125
107873
323937
319431
107479
117705
112097
484672
39543
116403
116019
114327
39217
509610
39365
110555
116305
283505
112013
324121
39385
286437
321987
320669
110433
39143
321997
286271
320635
116087
5657
324105
109161
116367
507234
325819
112071
119579
39149
117907
115841
508269
114195
112649
109395
99598
117659
115555
508300
119365
639754
110479
324159
119219
113447
321105
119249
108731
315947
111505
119155
39147
116937
108499
5969
111863
119369
117757
111193
39797
5695
283711
108787
116079
5739
115785
116313
119835
110805
112401
107927
115737
514509
112405
40033
115105
321401
107847
321291
508823
321863
286057
115721
110969
108013
111521
112167
324109
320707
113635
111917
111859
112227
114017
118735
324155
116905
115919
119933
118025
639101
114587
118233
111717
548482
119567
111827
116201
119163
114511
112407
109957
115627
111745
115391
108081
109687
324049
114073
118127
116831
119089
508228
115089
115459
320645
514551
112259
117391
119873
107799
283481
114025
108179
113703
320691
112373
320613
110513
514724
320629
119207
115237
111431
285963
39859
114377
286213
508811
320889
508807
110525
118857
109785
321927
119385
109347
108037
114789
107611
113767
116631
114131
325821
117745
119877
119181
320591
39833
508247
548804
113565
114201
117177
114417
108757
109357
654836
116249
111731
115087
108905
513687
322455
116941
321037
637820
114107
116003
39033
117093
112271
119315
115507
119027
116931
111725
117011
507991
119271
5849
109757
110927
107843
501210
322043
502318
107803
109481
115403
39689
119239
110629
117627
320481
109863
500166
108993
119245
111757
118605
39497
118723
283769
108771
115073
508795
321737
109115
118013
112051
110245
119289
119777
114183
110619
320727
508838
39539
5857
322489
109431
108147
114293
286011
117455
508235
110945
118221
115765
322119
283655
118353
560135
321103
40001
116377
320577
110803
114887
112703
117283
520212
108195
112221
110057
118029
111221
119485
5663
118197
323961
109459
642163
118803
112291
110165
117789
111311
320487
117695
508246
286291
39137
321803
39131
111975
283521
116139
109747
321189
107645
110623
321697
114109
114797
321827
116881
112577
642478
116615
107537
526901
5829
39239
283781
117623
286261
325937
110669
113401
39371
118223
111249
116911
111437
111441
321255
39683
109417
109891
109097
39079
111245
508243
116875
320365
111491
113539
114229
119343
283461
107739
116111
110913
637814
5817
116423
114577
118505
39205
108627
108503
118149
283527
113727
115091
325933
325795
111089
513918
116259
322421
111527
325919
283575
320921
642660
321299
114569
114747
286245
321511
283671
112457
116191
113763
322357
113409
112667
110447
39341
114669
116437
649595
117885
5639
114349
110659
119677
115669
114471
110183
108287
114123
321505
39869
324169
119673
116439
119769
114419
111343
114619
108205
115173
283589
113561
109489
113503
111251
39967
109829
322627
117683
39775
283697
513689
522152
39103
508757
508766
119647
108155
320749
114611
325803
111203
39913
116871
116795
115167
118413
509982
321253
117221
283825
286229
108747
117033
113701
39803
118133
118813
116387
110023
117857
114363
116101
321723
283701
118595
321977
115277
324065
322125
119473
108691
526004
116711
109845
118077
115047
39737
5911
107857
5843
109501
114961
283641
325811
115377
116635
119169
5645
115653
117129
520193
5935
118207
110395
39173
320899
108377
114935
115305
117501
112085
113969
113775
322071
519813
5855
117547
502089
39529
116099
323941
516378
321651
109531
39799
526893
112719
286019
629452
39255
321359
119533
108901
114551
107491
112237
113807
39709
321093
109585
119479
117791
320178
321805
111517
109569
110717
109643
119907
320405
111233
117495
113469
325809
321081
286003
112675
112345
115923
118297
110081
5769
116025
522113
115889
108853
117891
107807
117895
324123
114921
111691
562934
116317
530407
321465
116981
118743
116097
117607
118107
321205
517228
115703
117427
110579
512360
562942
508871
110327
115039
114925
322503
117419
526243
119589
110535
110761
116007
115879
115789
514516
508231
562987
112669
516296
109003
110189
113989
112183
114713
115733
110201
286145
320837
507208
113897
107689
114709
109935
113933
509079
324039
286401
321887
322491
116563
113957
107565
39981
320415
112723
108369
113683
117441
322049
115689
108261
111803
119799
116073
116819
112079
322079
118391
111581
115759
5711
108329
319363
114637
118313
509491
110727
321653
39039
119763
110967
320181
119379
320667
114629
110187
322039
113687
119787
116801
112447
39253
320753
117779
117911
112409
283441
119077
110281
321575
630087
321569
114089
116653
110449
321267
108523
642317
114513
508226
110171
108253
111739
114135
556538
39425
511410
114829
5759
283693
39107
110759
107919
321957
111353
509331
324021
321307
525052
115331
118331
117817
111961
324031
116293
117215
508752
506957
117453
642318
108717
39417
118955
110507
116655
107925
324149
321091
107793
116033
39751
39785
109701
113495
322301
109355
320199
112681
119007
109127
99588
116751
119883
39847
285926
283557
320719
322205
40049
322493
321623
320709
320919
115523
320819
107845
285931
115205
118399
321135
110863
118039
111043
109937
119471
119651
111227
514177
112347
112387
108923
650212
321329
322279
116923
116667
286007
109603
525743
108805
116071
519546
285939
283725
285959
324093
110069
286425
111261
321761
321687
111651
110237
322591
320633
107715
283723
319437
109821
107455
624110
115099
320731
110349
621894
116753
109133
514023
110239
321457
111777
321133
107519
39189
541828
118503
509468
116971
118885
109943
113637
112081
117347
117693
117955
322399
118441
559605
321137
118509
116489
321017
109849
285971
324015
114059
115321
116611
320671
508275
508894
113151
39053
108085
108337
115241
109851
111335
115927
39963
286457
321165
517585
320887
322507
108721
108355
118425
519505
117743
117759
109387
107993
321695
320873
111425
321313
113947
107571
508217
110821
39261
109725
321287
119467
111793
109743
324183
39113
111455
321545
322013
111413
114575
5703
119493
117823
117377
108367
110921
115577
508799
115561
525044
109897
321939
111773
117417
502048
109609
119277
118919
111761
321515
116135
285965
116531
109211
117135
39535
320186
325857
117139
108669
5959
509972
520948
119099
39645
110145
116691
108197
112261
526011
119197
108059
507284
109505
108315
548509
321295
561166
117107
118073
642475
115903
116245
118589
321151
502308
1015
117071
642594
108779
5877
108187
107875
501190
111291
113849
119133
508784
117437
113483
110049
635955
118763
508826
116551
113667
108639
109411
110787
119887
283561
108675
520904
112201
118361
630168
111603
511227
112537
115549
108341
119927
107975
39375
112199
109383
109039
111373
118617
39453
320461
517203
117157
116821
113759
112317
114153
111791
507244
117395
119375
107427
110411
109231
517742
39679
112683
508232
117845
321893
110667
116945
1025
320523
319397
5685
113379
555587
114329
114007
112093
118985
109059
113871
39587
39139
117827
115179
530459
39339
110429
114295
321323
119269
115409
322339
517576
508208
110915
113917
119775
39767
321523
112061
112659
112041
116673
322165
108949
519819
111037
320987
119391
320647
109475
108917
108353
118351
109965
118091
323879
39731
285951
110651
109157
114233
108985
113997
518032
112285
117307
658689
501714
39639
112399
110591
283551
118541
119411
119437
515922
321435
324125
40013
507487
285928
110993
107417
508847
283609
118247
507226
118439
108109
638993
109947
322499
642291
117957
283577
119241
115913
119501
108593
109661
513363
321691
512404
118887
39935
39349
110855
116625
5797
322219
114763
113799
39557
107797
519544
113479
111063
114261
116957
321015
108223
110675
5895
113923
109351
320513
114487
115255
505540
508739
114301
112001
513450
114119
110053
111155
321889
112129
516764
115729
322473
109681
286113
321603
5953
39699
39569
109977
118489
320909
118417
109415
286127
514713
115757
513356
112563
323977
504554
119291
108739
116371
117915
115487
322185
108921
113879
116547
118693
118145
108657
109371
323999
512402
321543
324161
114461
119659
508802
115731
505570
117765
322135
119031
116589
5933
322441
39243
283705
114159
117331
116209
501756
320363
110285
509953
116075
320989
321491
39493
111103
117447
116515
111699
108965
39813
115775
112257
119251
119193
116529
114099
107599
116729
117975
113731
286093
320175
110655
286455
283745
108545
113375
114289
320977
320209
108285
118733
116161
112297
116067
107415
520872
113419
5965
109241
117861
321371
321281
110123
119123
118909
283581
508848
630093
321717
110771
114945
109625
117801
109639
111121
109295
116803
116723
118859
322009
119331
118033
107485
116535
286115
115897
513335
111643
321529
321461
117997
5705
119607
109261
99599
320999
322129
115499
111113
283747
321615
118263
5967
107467
111883
321223
319365
39585
320625
39779
117143
39081
117603
116853
322449
113795
118745
107725
561225
319421
39153
502298
286473
115873
115227
286329
515829
117555
118051
283523
109005
110483
117735
115701
507890
111925
108777
116471
119339
113965
114913
39323
109777
5755
642545
114773
110813
113685
39617
117255
508738
112685
108469
114045
108461
321905
110849
321139
111357
39383
108981
111377
112391
110321
110897
110609
109349
116121
108207
116619
112545
320759
110739
118963
320767
321383
116575
39259
322415
114963
321251
39769
116565
286167
110091
39807
99570
113519
117819
109521
116537
109553
513342
320587
39201
321525
110823
320205
115483
39151
320775
117043
321501
110417
117525
113651
119969
286309
321485
5861
108397
111015
114685
39359
108507
111145
109601
39247
118097
118229
321989
508301
39285
39347
39381
286365
516265
112623
286339
108375
321107
321685
118811
112613
115313
113941
112611
39685
117881
514921
118679
283591
115687
112099
108797
108945
113455
112395
115553
118935
114605
286059
109167
111285
116629
639485
321279
114087
107525
510510
114395
109583
322201
322105
321007
99568
109171
322077
322263
114949
320471
39851
116793
548263
109547
115809
116605
286005
321085
107737
321531
39051
109817
111107
112543
39111
524063
115665
110695
508853
109103
517241
115473
109697
516329
107495
114623
642457
321421
111649
508888
108421
115575
111065
39681
112355
118037
286303
117149
282858
107957
110953
119041
286421
114359
117401
119719
5915
119259
112579
116677
322561
116897
110029
321613
117873
115475
115323
39121
115645
118941
320579
108185
110505
286307
321153
513298
520941
107699
508772
107729
320959
110117
322459
110355
110971
323889
286097
115621
321911
118937
111593
115153
108845
282853
501094
119431
108975
108785
109739
110615
117289
321701
283797
320895
113887
5701
118295
118675
320489
116049
119857
115599
112561
109149
111935
113531
119765
635868
524041
647126
321759
107407
508782
118601
116207
39895
119751
324151
119767
321391
320865
111205
108635
110011
112243
118225
117543
109703
109269
117901
39351
115165
112761
119949
109539
118349
5811
322287
114103
516335
114517
119785
109619
107905
118815
508814
116289
115461
114849
119779
509320
111549
321689
320545
117793
111235
26588
322157
320903
109393
108555
115557
113139
521918
108221
113147
114523
5721
112213
321169
321981
107627
110339
118969
99617
118721
111891
320443
112195
325931
509505
286077
111079
5683
119847
114193
119891
39933
108767
5903
283447
5973
283569
5823
39821
113597
109993
111911
108411
323895
117773
115303
107933
119773
508819
320659
108927
115273
118255
111749
39373
116675
115031
107893
112751
513371
39017
116241
639742
108653
320437
322023
111743
110663
116813
116645
115589
637808
112771
286201
119803
112087
642529
118993
500146
109151
99603
119855
119557
283443
107461
109839
39275
111259
116587
117293
119637
117119
321835
117021
117099
321483
116107
108209
99574
119267
111237
39619
320599
111049
321637
5757
115579
39049
108067
112187
526343
111419
286231
112741
111809
632165
109391
39447
111127
322137
110421
5647
109653
108661
108243
118285
113589
115899
525029
114719
116303
5747
110247
286343
117327
111375
115383
109723
324035
113911
325941
324189
39955
117381
119383
507892
115695
322315
111779
322143
113803
108547
514199
39213
109629
119909
321535
110129
113815
508759
508229
111143
321395
114365
114973
5641
508250
107711
112449
110979
109369
116641
115529
107595
283709
109047
108957
109735
114787
320929
114383
113127
283821
114967
283487
109457
110087
319401
115239
113857
111799
117007
322121
320817
108895
117605
517190
517574
112689
111983
116155
321573
111531
116247
115063
108625
39319
116261
110039
112743
115925
509312
117671
110105
39361
117977
108043
530548
108651
283707
508845
642477
283665
109307
109113
322217
509311
520519
110227
110143
117809
115617
114225
508267
321659
118681
520882
114155
118861
39075
508240
110221
519353
315953
642664
39635
116461
39177
117681
320593
322563
119925
320693
320769
110841
320557
561733
286353
109223
115479
286453
39565
286085
504569
114639
108463
111497
5931
116381
325843
111275
113545
114939
320529
525021
642590
108811
113921
114433
320583
110661
114287
39267
323861
324627
110657
116521
508808
508839
116861
560734
286107
109873
108141
107829
286125
118139
39629
108383
508780
108565
517487
112779
110879
118643
549305
116195
641151
322569
119489
108135
116967
39571
117731
322355
118047
119143
112733
108979
325923
111953
114175
114699
285977
112277
324117
116747
111501
110831
107655
114337
321665
108707
114493
116057
109927
320931
107559
116583
118201
111677
112197
119497
510400
108027
115121
108775
117299
118087
114283
26581
111533
117205
115493
39115
39083
110131
513300
5929
114845
107641
112735
108417
110949
108673
114431
115777
319453
321705
39591
114927
320623
114191
322041
117709
509470
108211
118583
117651
118653
110155
119491
117961
117925
320433
111093
117541
113999
115801
508024
110627
109633
108121
112337
508264
322547
5803
323885
322223
119107
319371
113875
320597
5617
320208
39305
39533
119519
114347
111993
530439
39331
517197
39119
119451
322215
117219
26598
322429
323993
111169
107523
114499
116129
119359
321663
39129
283677
115477
508870
113891
111119
117273
286253
115193
108487
119103
629172
107929
114965
119255
108245
119507
109535
39345
322407
283541
119945
119695
109525
116791
116997
512333
116647
109789
39141
116023
325853
548820
110333
321157
112773
118169
624076
116617
108433
541369
108175
119641
114915
111053
113511
286345
118335
283455
109397
118517
508869
107663
111841
116165
505539
110531
116709
117965
109007
113931
111857
108561
322189
286243
39501
516302
119879
112433
507983
507588
109705
324111
521705
323943
116999
118707
110085
113145
115271
634666
108431
322363
114657
113619
321293
324091
107649
39289
112173
112341
1014
115297
509323
283467
116325
321807
112799
321845
112571
115823
110539
321629
114869
39887
116185
324047
319387
116281
5737
111751
107809
114799
118393
119235
115569
322365
115655
107707
514511
113789
115113
111771
112557
111579
286227
509308
320813
111309
109465
320943
118621
110495
115117
116491
115991
115221
325911
520486
115571
322543
109573
112715
111167
111351
508253
118895
112793
118809
642527
118775
108973
283459
323852
119737
108667
114777
119617
111973
111607
119727
321499
109019
107581
110443
112089
109455
39299
286001
283477
110133
114951
110089
113723
517572
119503
108733
5775
115211
115215
500217
107643
119001
115261
39055
117247
39929
39441
39899
321847
286301
118989
108539
115417
109507
321463
110147
119893
109057
116419
319399
39965
321149
114899
111223
119831
320973
115551
112569
117151
510061
116211
118867
110907
118731
286169
119085
112175
111273
39791
99611
117673
322529
321343
283493
111897
114633
113873
109663
112159
119633
517435
109095
517753
322257
283597
285935
39909
109377
656199
321725
118927
110523
39545
117615
320581
320447
108071
508227
324137
39781
111191
109181
322485
117563
107713
39445
39293
115055
109191
504972
114489
119601
116463
502017
109819
113533
119091
112413
116623
114863
513369
109675
324017
111617
115385
116337
322409
114601
116887
530683
99605
323859
118303
119355
635970
562979
113513
320200
117487
118965
117593
319451
119895
116885
283573
107877
286319
286323
108939
112047
116029
286427
325863
321047
119351
117993
321159
107469
108735
110275
325867
39695
320555
320333
286375
508223
117409
112119
117333
321489
113535
110451
508794
321585
117161
508251
114185
110195
325779
115883
111955
114245
115245
39875
108403
112583
108425
109309
115683
286391
119229
110621
501989
286051
108483
114615
321747
117941
113553
321241
116215
286105
110509
107489
118003
117019
320689
109443
116633
113829
286355
118971
283617
324013
118765
110383
112707
113105
111463
108753
119899
108501
119237
117047
321549
115887
108151
110073
108997
116571
117519
321949
283563
321801
118243
119305
116339
107899
118549
107457
286045
322063
320465
117737
5699
512396
283631
5717
321183
107759
39269
5813
119881
111869
110169
117507
282855
115243
508249
115423
320619
501601
99609
111645
508821
115191
321583
286015
111569
119707
118395
109593
114515
513444
561776
117425
117003
112147
109833
108567
5821
110257
109031
116429
119025
114299
117531
109193
520787
119599
283587
110051
119839
325831
509930
109041
118783
324643
639947
109483
114443
39175
111313
324045
118949
117839
110811
119679
320747
323901
5819
322001
116009
283651
117637
109445
108267
110009
321743
321763
119071
115667
117865
321475
515766
321707
114397
116789
114505
508797
112149
119815
117387
112263
108089
115075
108961
322025
118575
112077
110641
117233
116383
116335
111797
322305
117831
117999
321055
115705
114339
114565
117039
508798
508394
115307
1002
109941
320757
117579
109543
115947
39327
321915
111703
115527
111991
113089
525066
115093
321235
111845
320527
549306
115147
117599
113097
108191
508204
323919
656635
320563
112063
322411
112279
114933
112539
283495
108149
108659
118967
110059
115259
115337
117433
321065
116727
320367
110719
119963
321273
119477
5633
115885
119701
115029
286283
99614
115275
283627
110869
110665
321155
118463
506950
108157
516515
116917
117837
119711
509589
513704
118769
114149
656081
119743
520195
117461
111653
111355
39937
39089
513350
324041
118609
321437
508748
113577
283681
26590
118461
512347
116113
107881
108711
286211
117665
111951
108759
117807
109513
111669
117323
112455
107561
39815
110985
108683
111075
110295
118061
286157
109323
111319
117875
117753
116297
107941
114931
118309
108163
110013
107777
99582
111601
110745
119179
321405
321033
26596
110741
508843
109587
118377
116651
119211
39823
111087
119117
39277
640516
119215
116117
320681
111173
117561
116835
114235
111687
114677
113831
112239
509886
115177
109869
115501
529303
115133
321937
285973
109989
285987
112737
117325
322427
656087
108171
116555
286087
111839
110947
109291
512389
320455
508321
110699
325825
114737
116701
508827
109779
117821
118227
118647
116233
112111
119013
118817
113709
508769
108983
508230
114467
116585
39843
5653
111539
107653
114219
325921
508016
110255
560937
108335
113501
112601
108389
109659
5659
5735
116827
117909
503365
108913
117833
115975
325791
556340
110121
110891
114049
508272
325789
114733
110587
508274
111129
119425
108115
116167
115783
117969
107939
39099
321601
112113
117567
118453
118651
26578
108445
115145
119387
115833
118565
109409
514578
525136
320395
113977
111033
325904
107897
322479
285999
119521
112419
107507
110387
508266
116757
107681
114047
113747
119373
111411
39551
114459
283613
113113
119853
109467
119261
107541
119037
119631
111039
114859
322481
110381
115795
321869
116975
322285
117479
285941
504426
110369
39125
118239
108867
119823
107837
325945
286313
1018
118415
283621
514048
485960
320198
501694
118479
512893
322589
119759
113143
107661
283633
116603
117609
321447
99581
114617
322371
119303
108607
639858
39163
508773
518956
115361
109169
286063
111021
109055
39135
112587
39907
110769
321733
320339
321129
119675
5691
109991
501420
107449
320661
321745
110307
112307
116053
118831
109051
112311
508273
321699
624070
110225
108543
113753
112565
116661
637843
111479
321649
111117
117375
110679
628765
39919
109707
516371
109367
321589
39999
117469
508234
116749
286013
285957
322457
325925
117263
109741
40015
110565
113893
117015
117641
117485
39749
115489
513628
642549
114603
119859
110357
322595
115843
323913
519800
509083
117921
320188
321909
321507
107791
107529
118459
519856
5733
321731
501061
321319
321413
114207
116309
639864
119015
116361
115711
119715
116063
321619
118835
115751
114529
39783
286405
114237
117017
115495
322557
117305
39401
320723
111483
39611
115891
112017
117259
321021
112753
324165
520703
319379
321941
322097
118771
283507
114161
114507
5909
505397
5979
109227
116533
111381
111017
321967
116459
118137
639140
323947
324019
119127
108623
118209
117355
642619
114475
117335
115247
525413
39613
553833
107425
39705
115447
111871
39459
5913
115877
503316
39697
108011
503117
99618
109847
321099
115807
117595
283637
501746
109297
39223
111563
321709
111317
109461
322117
118167
119761
118755
117729
321971
107593
5649
116213
39725
113937
110519
321771
110457
112357
320549
115203
113749
110793
114503
320631
39885
111967
530561
320409
108885
116671
119615
322007
108613
286065
115567
324191
5951
108519
324053
521827
119593
322029
321347
645400
109945
286255
118355
116705
110571
109173
111657
39561
286139
26592
112021
117267
119529
39983
283663
115333
114221
40047
320951
107637
516406
39505
116539
116123
110723
117009
322565
111069
118521
111115
109787
39891
117529
5637
118251
107465
40035
517470
111759
5719
503325
507278
324061
109433
508786
109283
639665
116425
111835
116627
118695
116759
321123
285953
508866
322061
107421
119073
39865
115605
107997
107585
119739
107617
116755
114553
117711
321995
109085
108101
111161
656652
110749
109929
324113
107963
325813
113733
322211
519363
39231
283811
111635
108597
108117
283815
112389
110595
109425
325817
119771
286235
119929
111207
117649
108475
642327
108617
39985
110379
514184
107921
321999
108125
114163
107771
39391
321001
115715
114659
322267
118699
107677
107575
109279
320193
319391
118257
108549
119623
112625
117533
116959
114757
118711
108865
116991
107549
320967
114387
286447
117169
111689
322127
39943
107967
39435
39171
520690
110707
322615
108049
39479
509577
508257
283625
112641
321005
503246
508263
39861
286259
113765
118411
113739
107463
116409
107471
116041
110107
39095
39973
113827
321947
115295
508851
322085
320401
116523
112711
320833
111683
321427
111061
321503
508214
117733
283801
107831
112267
39583
286251
283479
113393
320459
119495
324081
117527
108951
39755
116253
112287
321557
110859
111899
111427
39595
107823
114297
109719
117633
99580
119419
112255
511413
117271
283603
40005
118661
119135
113135
323951
115545
111307
117231
116119
39593
642006
107597
109311
109319
113605
113665
321955
112629
524078
111551
118849
285929
117459
118423
109285
286095
118863
112441
5887
119717
116979
112189
119297
118365
110229
111247
286393
110267
322199
116477
112075
5947
110677
321167
322501
286197
508201
109251
112523
111805
109469
322241
519677
641931
108279
118531
110815
110973
541053
321011
286287
39745
110845
116447
630200
110599
110061
117645
108325
115901
116275
118999
320779
283799
116363
112043
117277
118703
115097
117185
107839
320649
109823
116039
520856
116867
321793
320923
321567
112069
108465
119341
109809
518902
117081
322037
114813
321309
39411
119333
508260
108955
510333
115289
119499
283491
283753
112797
118271
323897
115629
322467
320451
108695
111299
642454
509412
508259
112331
39291
111171
111047
117187
322227
322099
322433
119731
110017
116465
39469
118623
500997
508844
108169
109801
320937
320935
322235
323853
114093
1013
116963
117583
321113
108899
107853
525443
109487
118781
114783
116159
111001
107573
111417
320379
508841
283553
114209
115673
110095
322067
111895
116513
113125
321857
321849
118179
320435
111339
111085
108001
108795
319359
117867
283721
320377
110905
109413
115929
109043
283555
517584
115917
321797
119243
114495
114393
109245
116883
517449
509630
118683
114803
109165
522120
119547
39837
115309
108525
118071
39475
286039
321387
108273
117953
111747
517482
321727
119003
113907
118093
117245
110585
322225
114137
109239
322277
116735
39951
116295
108687
119327
320190
283579
108685
321467
108165
5635
321775
116965
115979
520506
114889
111263
109299
114581
517209
115345
502644
322347
117463
118067
558622
111057
110683
114729
321779
111719
286101
118015
513352
324147
508792
111097
118287
5771
39795
39395
110289
113451
321231
107669
107629
324075
5627
114031
321681
109213
503125
321117
517451
117713
115637
516253
500017
322191
119817
508396
504238
113757
112411
119371
116687
321553
508824
117687
107635
117717
320701
108605
118585
111379
286159
322417
118431
321479
111409
109693
321357
109775
114389
115871
111963
108587
107475
108123
116717
39273
116507
505497
113523
508873
110167
110001
320939
286293
108003
110569
1011
117967
119057
113099
110205
118871
322605
320985
118759
115583
108255
115965
118571
107969
116347
110317
39809
320183
112361
512339
108837
560770
115985
109419
109983
320867
320915
111823
321363
518147
320533
111889
117851
283703
116649
114811
112691
118615
5937
109379
115235
116069
112045
107693
321429
286037
321305
118837
117163
114373
322509
109731
119797
322577
109423
116707
508271
5955
118659
639748
119223
107437
320192
115531
501949
320641
39455
118155
320995
39085
119527
508202
115563
322249
109685
112385
117225
286137
114411
5661
114725
39817
112059
107953
324005
39903
509484
110881
110353
113101
108343
320643
108333
119427
108203
116081
321469
112521
117181
508237
116703
116869
115931
115095
110291
39549
321823
321843
107943
117345
116291
285937
283547
114911
508737
322113
118757
1027
508203
108641
118323
321217
119905
320413
116807
321877
322551
320961
39609
109479
516386
117639
5905
111051
39279
111031
110753
5917
113575
108257
113773
325781
117085
117243
39021
113581
321229
109463
116893
114091
114263
110981
118773
118095
321227
117217
39037
656075
113473
118189
118261
108971
116017
505475
115945
320202
39471
117465
118467
116433
508801
114675
321075
508767
117647
39787
286187
109033
319439
283785
111553
320655
39661
115155
116725
111817
110425
119463
109637
39473
508233
286163
508220
109979
118777
117959
115597
114491
111513
39997
525037
321715
39527
321595
108861
108387
109765
286387
119681
119921
110277
107855
116143
286021
525717
5665
114307
322299
118159
110077
118307
628480
110781
108271
320387
509321
115707
116553
114321
114697
116499
116761
505503
5925
110173
109975
320651
319395
286239
324179
119081
508892
5845
112597
508804
111937
108515
113497
520851
286091
321991
320483
5619
115973
118059
5835
119203
114655
5753
319425
283517
111575
320777
325943
509485
111887
109835
117297
112693
323983
119825
112427
114303
111077
321617
115603
113601
108213
508831
113391
508265
115861
114305
5675
514035
113611
321451
114897
118655
322545
521992
119889
513916
286129
116431
320839
114279
500998
320383
116473
39311
111421
321551
508207
110775
115615
119189
117075
320715
530830
319383
508789
114837
324033
111321
500959
111853
109859
115661
118493
322333
39227
108479
107763
110577
508758
115943
517580
109917
116391
109759
509583
115815
324641
119161
110925
286053
322115
524048
108053
513107
117503
39759
109913
118009
113129
115129
109563
321277
107533
323979
118343
108801
111209
324101
116243
111939
322593
108415
108671
114447
325839
110415
110311
513437
114883
111901
114861
112179
114083
118007
113423
321163
325935
116985
115921
111681
508762
321349
321885
39321
286117
109015
117869
508890
39245
111995
110423
115837
283645
111729
111987
115773
322093
320423
500005
285983
113925
5893
119157
520662
110631
118665
112555
113595
5743
116265
517458
322035
325829
283445
286331
39743
108019
110487
321497
111929
322443
114013
109855
116665
108527
116939
109129
117445
512381
119713
113487
115363
111147
107675
39647
322585
39355
110403
114731
39729
514463
109119
114635
323955
117371
116775
118951
117553
108277
112663
117337
110809
117253
551765
119415
286431
113477
118701
320933
642688
109001
518149
115811
116659
39199
116695
286361
107721
116613
5839
630174
108591
110697
119861
5773
111893
516289
283537
116903
115581
320847
321933
516246
642452
113633
111359
642024
108473
113839
118043
320811
285933
117269
115249
113955
5907
115163
522098
110715
116983
116787
116909
107785
322471
118437
323981
519826
111709
107419
323985
286415
320485
286399
39487
107435
319403
113847
110367
108031
642662
114721
114535
119639
286337
112417
525724
115481
108041
40025
286047
114793
118465
116841
111325
116355
286333
115217
110965
321815
110645
117517
112299
509314
114857
117537
113407
508278
322167
112057
110711
110857
322053
321787
114545
322487
283485
324145
117871
110475
116251
112101
40041
118753
110055
505251
322587
114269
107405
111389
110157
107789
107815
118113
109571
110933
283761
116475
113817
115797
5879
115509
118639
5943
324135
321541
115849
111591
116973
115151
562748
113485
110765
107779
113901
109709
628362
322291
109807
115229
118385
108429
117319
119265
556449
39711
1006
115593
107911
117545
112121
114311
114817
115139
107757
321025
320799
115299
110309
118527
115037
5901
642615
108161
321035
26583
324173
323911
324115
116573
113771
26579
324175
114917
111195
524012
283699
514742
513923
109021
111905
116479
541046
117707
114319
111655
108481
322155
109025
110549
107441
5885
116011
321237
110413
107883
110691
324003
39491
508816
117587
115819
111135
1010
5687
109959
114345
117235
114271
283483
286083
325913
324001
112645
108145
110899
505171
39971
109253
108859
39155
117643
115349
321029
319555
5725
656246
118501
114717
508225
118931
107767
118443
114401
5629
118041
115857
116541
113979
322313
5825
39911
112359
115585
117973
321609
118205
39065
320349
110161
113719
116721
321931
115371
114823
117535
112209
117473
116899
321121
110261
114361
111225
116163
39901
119729
119609
321345
320211
111565
324067
110783
508206
39399
114463
320407
541264
321537
320210
118035
110937
110025
283515
108405
108847
108435
322059
109203
508840
115431
116225
107841
117825
118627
320881
116227
108577
114323
107989
113481
285991
322375
114929
110871
322549
286277
512887
110737
117923
324647
321633
114875
113571
656257
115767
515673
110497
114715
322535
113869
323967
109477
5981
111693
111819
508812
517222
118959
519538
114023
39719
119863
1003
108097
322255
286147
115671
119691
283519
115829
111099
320547
118607
286377
110545
112275
109885
109341
108881
508753
322161
117227
320745
283813
116681
118375
113851
320925
110747
117091
116401
320207
115257
117883
118407
116799
286461
324071
639651
117207
117475
39183
114075
115267
319445
108827
115875
324157
320567
108301
116255
520499
286465
500478
119509
109597
109399
320543
116829
324637
321621
115613
115265
119345
5749
320359
642596
117489
322175
119687
114429
113983
39941
107679
117203
508743
114477
114485
26600
319415
111471
118491
115175
115937
321755
114687
322541
116771
321559
321431
110877
108557
321423
628474
115067
517577
110139
321057
110997
115375
115573
116873
315955
109325
109825
117001
117361
117223
114051
320385
283449
39429
111515
119725
112643
519364
108055
111831
112031
514433
111685
116435
115771
113537
39991
286165
39675
119395
109931
321211
117879
509428
115401
113463
119021
119943
285925
117565
110583
118535
111567
322381
115381
110763
116929
110265
320195
119381
117471
509924
283675
109961
107517
115199
108451
111701
517463
321883
283717
114101
118749
114807
321179
117239
115253
285989
119131
111707
112635
515923
624078
323877
517569
322181
320807
113863
110703
114151
117197
117571
39707
111009
108681
321713
116089
116993
117077
109509
119433
119961
108841
111629
109691
113551
114877
286191
110801
117213
111589
325807
516404
118219
119309
117551
5723
114189
117251
113435
322187
114157
325763
107949
286075
527567
109577
108143
112177
110111
283673
320172
109895
110035
283629
110713
115977
116285
321751
322515
112329
508238
113653
117505
39329
118923
320755
113785
525411
109679
118153
286467
108103
114053
107895
322525
110273
110521
114723
320879
283543
115407
39307
285923
118673
117893
508776
285943
110943
119619
109607
112747
111945
115955
108833
117237
325793
119959
112531
107551
118115
114867
39687
283687
109953
110215
321851
118057
118947
111041
117415
39739
116467
107945
112245
119017
116679
109091
508216
286025
514558
323945
112655
113625
637457
321811
515768
114547
107801
113903
514532
321657
108575
320683
116341
110071
113559
108379
320699
108281
107947
116487
320815
320677
286321
110293
561774
115727
110409
114111
107887
108541
321789
119685
109439
541258
111913
315957
112365
118827
108349
39211
517171
519520
508774
319423
113643
639620
115663
114277
637823
112353
5693
286385
107521
319443
118345
109363
118065
118367
5881
39773
508112
283765
112305
110151
109381
111133
112229
118397
642592
118497
116221
39579
286325
111371
111837
321917
114781
39957
115341
286221
320825
118751
115853
321381
116193
39863
119555
114249
283817
114595
108129
286055
116943
115043
111323
508742
116455
111921
110431
118515
115995
39805
115641
110567
118317
112443
117777
114769
39567
508750
508218
113593
110319
107651
285993
112729
502109
323987
114403
117903
109225
114479
39581
116279
115631
321813
111493
108215
118725
114291
508282
286443
118157
117585
508209
110437
26597
109075
118031
286363
119205
109201
115343
322519
324141
119167
108309
115225
320357
108663
5939
114041
320805
505447
108373
117887
118341
112381
112677
286417
119965
110635
119361
321477
321389
509313
111139
115443
322517
39263
117133
112671
117105
119175
322153
108331
117739
108409
107923
109273
320809
286177
113919
117719
108821
116127
514042
320793
117799
118977
322251
649596
118429
110975
324645
117843
323873
39747
502027
110393
117367
1017
118797
321337
114955
115081
119313
110573
116043
321735
286305
119047
286423
109753
118403
109997
39627
109177
111071
109565
117653
118611
118049
39733
112007
111073
109645
508842
107513
109651
114005
108909
508891
117611
107409
320891
627984
119747
40037
111423
119409
109783
115143
513630
108977
115787
116269
115435
321265
321963
119335
319447
107835
321119
108645
111331
501039
119233
99607
119417
119903
320441
107865
116375
117635
321765
108879
111795
112289
39451
115611
526534
5667
321993
39889
283657
116485
114265
114839
113809
110705
114905
323959
508211
525383
113153
118657
118855
109711
109837
110003
513108
118311
322295
320539
119109
39605
119621
283739
110893
509306
39721
113865
119923
110575
115647
39825
109289
110819
115219
322005
99601
114835
117591
111387
111713
114767
39195
628739
117499
108835
321897
286275
505468
321053
110103
321175
321425
108677
321867
117175
320174
119213
118103
1007
107505
116525
112609
283605
115497
119253
115437
321331
5873
5923
115851
39723
5851
518112
108799
118839
322247
99592
110689
119781
322293
114643
322069
111397
321901
118109
115159
117449
110853
112697
116669
111541
118553
116133
321317
323881
113825
508224
115293
118893
112107
112745
111189
117199
115981
112335
115799
115445
119487
321753
115421
114497
39655
107825
285922
115779
110401
119457
108339
99608
114589
286413
321865
112295
110929
39283
116987
321141
508813
110617
109077
111583
286141
108729
117451
39637
109755
117111
639859
109435
108581
112153
110153
283789
39671
40003
110489
119813
321173
109545
508832
111537
114775
5963
107671
110251
517444
115209
521998
285961
286317
323921
108629
118259
118321
504533
119347
111187
321875
107683
109971
110019
323851
115709
119101
118891
118983
114167
505376
321605
517235
321327
114651
113137
118789
109793
111627
320679
111981
641913
112303
541376
108063
115679
109537
118903
113141
108485
628231
110851
320170
117249
99615
508872
114653
112637
110063
508761
114315
107583
109385
115411
119453
119667
107959
112339
119543
115317
39413
116427
113087
117631
321825
108035
114015
112073
118897
109673
119871
119591
322107
112605
108219
286067
113133
111027
283499
541820
656611
508770
639146
504259
112265
109843
322367
110185
113591
320639
119741
39657
107819
113679
111667
39665
323933
39415
111949
108537
520180
112759
508323
39133
114681
115607
509078
111619
117179
117629
114039
117265
111721
109421
5793
117905
108283
320781
112435
119663
118669
322307
114537
109677
549339
114765
117849
5727
111303
116137
110639
109745
520789
114819
111735
321111
110625
114451
512354
39353
500956
110301
118281
39777
5795
111919
321539
323899
283727
322631
110253
118471
111301
321903
322323
321799
119151
118741
322311
115587
5827
508582
637770