311959
325443
403601
305432
348728
204905
349687
170295
438321
412203
171031
325698
352356
341155
325726
402934
351987
403378
133103
402500
403404
351336
204845
349378
315137
314995
133155
132939
412375
132955
402515
325552
352510
204749
306050
170383
401388
394310
315019
133511
412358
170047
171127
403019
133235
325679
171071
325496
170967
351691
325631
341506
169991
403443
132740
402373
412224
352654
314805
132847
406319
403501
133227
352794
325585
355396
314943
338389
325588
348827
133323
306083
306029
412434
394395
315122
133269
133171
401853
204773
325666
204991
133477
204907
401543
133105
424903
204921
369861
340849
352984
325514
394283
348732
133265
170487
402730
325653
412471
353234
412255
306061
353144
438352
402796
305244
325595
352339
403064
133411
305686
171199
305444
412299
394281
133407
201
350300
133561
306058
348495
349568
204887
402770
133257
350602
325515
133225
170135
394296
205005
133503
337761
170695
315136
403066
132746
133523
404189
357522
169967
311336
369803
369853
401806
357547
170415
132853
349449
325445
204753
316985
204923
204919
349582
353181
403915
132941
305696
317001
314891
403294
317004
133177
352320
325483
401590
349638
204797
325484
170727
171175
352638
132732
325626
306018
314894
314899
341530
369799
412306
404078
325693
352050
325607
350683
305682
412192
132959
325605
132897
352905
132728
393959
351874
412286
305698
132967
133303
325490
305676
412266
169933
355390
351125
170583
133239
325609
412448
204967
353268
170535
369832
204839
316292
305692
351152
133401
204929
204985
348644
325721
132893
132901
325877
306079
204855
325670
325730
325470
394287
349796
403086
325651
325736
306062
204873
170215
393955
349390
132744
325663
350989
349416
325459
412371
325739
204819
325635
325550
340463
403796
337607
132983
338342
325669
306048
393943
401199
306066
305438
133535
170151
424991
403799
412461
132867
349890
325511
394278
403854
133527
412364
133549
401739
133293
349681
341683
133399
306095
325437
170847
401840
171207
325674
170783
349168
133539
325544
340983
448885
325690
314969
412249
352408
204997
171183
133507
325643
349606
403758
315173
338092
348555
325742
204899
170759
170607
353423
448761
349656
348535
306034
314879
412201
170551
306060
412361
204787
349125
170791
350691
349427
351192
133109
355416
325634
306022
402588
133325
170471
170503
394309
204831
325718
305672
394285
392975
314858
352154
352481
170871
204757
325702
337702
306033
348981
93
133113
412444
133521
133379
352178
306035
169930
349326
170767
306065
325659
204927
204769
306026
325454
403166
204935
349332
133255
348466
341742
325601
325473
404168
306067
341047
169932
394286
412199
204823
325729
306031
132985
204959
349257
305434
315134
133505
311768
338138
412469
325652
355774
133271
355775
384399
338158
325501
306100
305246
403712
325717
170743
204829
337490
348688
305694
338459
316998
306063
412468
425021
349476
394304
170519
305426
170935
369735
338052
412386
337800
351421
133283
325687
170655
204983
204837
400933
306053
316991
412387
311856
306087
401992
133565
352878
412250
393952
204863
204859
394292
133487
306054
325880
350802
306098
340930
325613
401589
355776
325517
325719
204777
349635
204911
338434
203740
333099
204761
170087
133559
132879
204963
305450
340596
412338
325452
325506
325455
412227
169951
355442
204867
316993
133285
402921
325594
316987
325628
325590
370467
349950
393948
325466
133489
337840
325448
316996
325662
204815
133475
349857
132865
401936
401750
305690
351875
338336
305290
170143
412405
349599
325710
349137
171119
133175
341022
315157
132969
325637
351046
448774
316323
325871
306081
145
204755
133319
169925
325556
402172
169929
402888
133055
170735
204779
133047
325442
352685
132975
169959
352880
311963
305688
133173
350937
348685
132965
352705
133041
401325
306056
350008
357545
403469
325720
133007
170823
133387
348977
353106
325549
306047
424945
438270
325655
305442
169919
133003
315050
406333
402270
404114
325870
403151
132961
169918
169936
170887
133069
348884
349553
133095
393942
412372
403722
412346
393951
306105
325545
325581
204943
133247
204765
403356
412339
171239
170111
170119
305662
412264
170711
349935
133327
352746
402304
132736
306071
306072
315187
325547
402049
306076
403295
338414
325716
369867
133067
171087
132963
337842
352560
325583
402458
311324
204989
403413
403916
170879
338242
306028
369795
325657
401497
352469
325586
349320
350378
133315
338176
204841
351012
133305
353457
306041
133243
337933
316999
133485
204763
132987
351203
340868
357533
333147
401792
348619
325519
406337
133519
348763
352149
325462
402150
403789
402193
325732
352667
315177
351300
325625
403314
355404
348532
325489
349563
169975
133017
132833
412389
205025
412443
351793
133013
406650
316380
133229
325867
353290
392906
171023
325685
133391
369715
204813
316784
305678
412440
133275
355378
325518
132849
403932
311734
132885
133221
170671
338373
392661
133051
325600
132999
169924
133301
170903
325488
403746
325476
369824
305666
351366
401462
204809
352636
132979
170279
325618
350083
133513
349209
394282
133267
348990
204871
349250
337337
401676
337613
315168
306007
132730
340901
169943
404236
314869
353562
132997
306019
325873
132839
170191
133537
325668
171231
133317
133167
351632
350600
315184
325727
325683
350995
133019
325587
132831
204875
133057
133405
337373
170719
171159
306046
306070
325614
404147
403311
204971
349670
412474
340894
325706
133533
412284
132947
401080
352884
350309
170407
325493
401661
133413
325555
133313
171
306073
401951
204853
357546
341149
325724
412336
348469
170911
204893
325630
353315
305436
171263
348874
133395
204767
204949
353506
170231
132837
325288
169926
351151
311347
133097
204857
204951
305284
325602
412244
170319
317002
306103
133529
133517
170071
170399
204973
325673
403870
204955
170255
412353
352918
394303
401432
204785
402818
325486
325513
402985
352199
132971
349032
348616
204799
350053
306101
402634
170703
351869
287704
350143
325881
350174
169940
351479
132875
351454
204981
412298
401546
170055
133397
325714
170423
306042
393954
170439
325678
352512
325446
305660
170687
305670
392896
412270
348924
325728
351748
402813
315180
133541
402218
349527
341682
169934
337731
204827
306074
325584
402419
306075
392949
197
401874
315186
170263
412360
325604
325691
132953
412402
349151
204975
412477
348404
170367
424965
438347
133525
349352
170543
325460
204895
341416
404333
325505
171143
349895
170863
425004
348464
170639
351605
351613
412453
350264
349988
325438
355430
169937
170527
401940
355773
403057
392878
170599
350472
169915
341525
325436
133333
394291
170575
352057
325627
340848
132973
401845
325591
171039
133381
132841
412456
325665
170199
325497
348905
352006
325644
325699
349607
340989
133307
305700
67
132995
351599
412258
349863
325611
403817
132869
132845
348533
424910
133567
424970
403658
325502
351331
204999
403840
351483
357575
349944
412295
133483
171055
325474
348452
316997
319357
351905
351446
352100
170239
403943
412343
348941
311359
394305
401622
205015
204939
133497
204995
352674
204843
325658
325543
204847
170351
401621
306017
325456
352040
325558
170511
352424
401144
133331
171271
352615
404278
132735
350655
412415
133547
306024
204909
350573
348897
133279
325444
325647
401768
205001
333120
348580
350967
352652
412296
306077
325638
315128
132734
403938
412345
402098
325554
401559
170311
412437
353335
340948
133099
306027
369497
325704
394314
337443
306008
325458
133163
351287
406282
350446
352358
402635
401674
412380
325872
133329
132748
205007
341716
412330
348538
412355
306011
133295
306094
204851
171279
351914
132851
314976
170463
204993
412190
132861
349076
325884
325629
325499
351459
305668
306013
412233
351455
204821
412356
204941
170959
170431
325645
325879
204937
370477
325541
325642
338449
325495
403831
349403
204811
352757
306085
384403
325697
350502
170271
314912
133101
341110
170831
305702
170223
369731
306064
133183
393947
394439
401978
170975
349258
171215
170623
351822
305448
305440
325610
412289
306104
314818
404279
133093
412265
287706
133309
325650
325639
325885
311478
341053
402529
350091
132891
338206
325441
325485
306023
404174
133089
133551
133009
133563
205009
133165
337549
171287
132903
349203
45
314963
133157
401617
306078
394290
311851
325723
133249
403951
412450
325617
350134
355423
325440
325641
204879
311490
306015
171167
404301
394294
340874
325616
133491
170983
170287
412241
325500
306045
204883
204917
403481
351006
170559
350754
170839
325624
305680
338378
357582
170631
402870
412195
325733
170919
403580
412328
133223
369857
349961
133169
353487
337348
306012
306032
404108
348498
133481
448861
337334
133039
402077
170063
170303
325492
133545
352573
325504
311501
412223
401870
132857
204881
402022
170679
404283
204849
133297
133181
205011
316329
133473
306010
306099
325480
169983
306040
352895
170807
170031
133531
132821
337794
170751
204945
171255
392111
171135
412276
133409
337710
325878
438377
325711
402746
306088
348630
349969
204965
348750
169927
325875
348392
306025
341505
132823
338143
133233
352458
351041
448754
316914
169928
170447
392697
133393
170375
325597
448767
132937
306055
352868
353292
170159
393944
338203
350128
352326
338256
349558
316915
170095
348451
337899
325475
314935
325689
394293
351230
350244
404116
348496
325508
305286
402912
133115
369705
204897
340842
337362
311690
348449
132989
315161
350060
402791
349495
350034
325472
306030
337676
340923
412237
306037
353249
170183
325580
333125
204801
340900
353492
319430
348559
133027
352542
349800
412218
333015
325619
314936
369838
204957
133287
353071
306009
412198
394311
349003
204759
402120
350604
412479
169917
325546
325542
348578
352300
170927
325498
340957
401005
314926
314984
315185
325660
325615
351000
412331
170103
325725
314934
350907
349587
306049
338444
338061
133553
306044
169922
392687
287712
349219
133543
325680
404130
170327
171103
340875
71
171191
402834
325509
406316
314993
349202
311542
314970
351117
325882
338313
315057
133383
204803
204807
393956
350418
325465
384407
171247
349418
412365
401684
340963
393950
317003
393946
412348
315174
412413
348982
325461
355448
357521
392923
325589
132855
133237
325471
325593
132863
394396
348739
133467
353204
133107
315188
353216
133555
325740
325622
325469
316992
325557
170175
325598
349135
325467
325654
133501
412441
170167
306097
169931
333152
171007
340929
133001
133061
406670
353525
424995
287717
350147
350762
352158
402970
205019
325632
351123
403199
305684
369675
412187
341021
325516
325612
325464
337787
305428
425025
325621
306021
133479
403776
204877
306020
338155
170615
306059
349793
325703
369809
132889
341015
325695
404006
325741
306043
338429
352205
337945
170815
325451
325676
325623
204885
353589
350763
287947
369539
412269
353031
401803
349480
337799
369529
133321
325491
353547
402196
325603
350765
401510
204931
170207
341119
170079
355422
352268
351795
315159
348781
402637
133259
133005
412243
133031
170895
133471
325722
306102
133281
317000
341390
325712
383610
325707
306016
325677
170663
349066
305288
325692
337828
337517
350135
133389
325675
205017
393953
305446
306057
204795
351143
133045
133277
132945
133495
311369
132981
315182
305664
338298
133059
133179
204771
341338
133053
403779
306084
311824
369828
325684
306106
205003
315049
171079
325682
325869
123
204793
333020
132887
337484
352912
350757
204783
353213
353571
338433
338344
133335
170479
338394
412424
133043
133469
170039
401785
133063
205013
338319
319377
311763
325701
205021
337402
350553
132825
133465
170855
314817
204901
133153
132991
325447
338375
169916
133417
204825
169938
170799
349918
348786
204805
305430
350595
311684
133117
204925
204953
325713
353495
341156
404254
404271
402889
369741
352595
314930
350725
348743
306052
349853
132859
204775
204891
325661
132843
325468
204751
325646
170991
403168
325874
392933
204903
325876
316328
132899
350935
393945
404315
325737
352632
171223
204979
170023
402885
325592
316986
204915
170015
349155
412290
402787
353152
133049
133499
119
401406
325479
412300
352517
306080
316994
353483
132827
325477
349926
132871
325672
132750
204817
133021
133253
170567
314910
325606
325487
325700
311379
133065
132829
351628
204889
204977
425017
204835
401818
393957
353258
355449
353338
349338
170007
352932
133011
133023
337788
325599
171111
132951
350111
133415
316989
412363
306014
325596
338038
325608
306086
311493
325681
338078
352807
412307
403561
448787
403907
338296
133119
402025
204947
348367
133025
325582
351067
170999
325686
338097
337803
352770
133509
369685
355772
204913
341364
204781
404280
132993
438282
133557
348731
204747
325664
325705
353498
352434
305674
170495
352947
325649
351975
402405
325620
325503
171151
171015
133029
325688
132881
204789
349816
41
170951
401584
402987
325463
351388
169921
348985
170343
403918
325551
132742
132977
205023
325667
352143
170127
133219
314968
325731
351038
133515
204961
133033
338361
204869
337516
338453
349328
316354
448929
350643
169923
393949
349573
314884
133091
333094
132883
355397
133231
204861
311855
325478
338286
351912
132949
133299
325636
316349
133111
338386
306068
316990
402814
132835
337418
204933
133241
349502
448944
412410
403623
424974
402866
132873
133161
406645
350026
325671
306082
402088
325512
392959
353496
325640
412212
314946
353096
306051
349056
133493
448936
424999
204791
401033
133251
402285
352732
316375
306069
325694
316366
325709
412337
325633
337768
171063
325734
170359
170591
133273
402026
133071
403244
325656
349898
351329
306039
133159
402312
338150
306038
170391
204865
133311
351782
401942
351028
402061
325715
169935
306096
133385
149
171047
132877
171095
351854
132895
337864
338161
401719
348383
325449
325510
170647
132738
351301
170455
352052
133261
133015
349880
170943
325735
133289
170247
402187
325553
348669
316995
401507
204987
401031
170775
383600
325559
132957
169941
325494
325648
133263
316988
314859
412426
349082
325738
306036
133403
394288
392121
349789
204969
394284
325708
133035
132943
341487
325507
351221
393958
402935
350190
170335
314814
169999
325439
133037
351649
133291
311915
325868
204833
352110